1.000000 0.032400
7.000000 0.034000
11.000000 0.011600
16.000000 0.021600
20.000000 0.034000
21.000000 0.010800
23.000000 0.032400
25.000000 0.034000
26.000000 0.011600
27.000000 0.011600
28.000000 0.033200
30.000000 0.033200
31.000000 0.021600
32.000000 0.033200
33.000000 0.033200
35.000000 0.022400
36.000000 0.022400
37.000000 0.034800
38.000000 0.034800
39.000000 0.023200
40.000000 0.035600
41.000000 0.023200
42.000000 0.032400
44.000000 0.033200
46.000000 0.035600
50.000000 0.033200
53.000000 0.033200
55.000000 0.034000
56.000000 0.034000
63.000000 0.011600
