0 0.0
0.20000000000000001 0.0
0.40000000000000002 0.0
0.60000000000000009 0.0
0.80000000000000004 0.0
1 0.0
1.2 0.35999999999999999
1.3999999999999999 0.47999999999999998
1.5999999999999999 0.59999999999999998
1.7999999999999998 0.83999999999999997
1.9999999999999998 0.95999999999999996
2.1999999999999997 1.3200000000000001
2.3999999999999999 1.3200000000000001
2.6000000000000001 1.4399999999999999
2.8000000000000003 1.9199999999999999
3.0000000000000004 1.8
3.2000000000000006 1.9199999999999999
3.4000000000000008 2.3999999999999999
3.600000000000001 2.52
3.8000000000000012 2.3999999999999999
4.0000000000000009 2.6400000000000001
4.2000000000000011 3.2400000000000002
4.4000000000000012 3.1200000000000001
4.6000000000000014 3.1200000000000001
4.8000000000000016 3.6000000000000001
5.0000000000000018 3.8399999999999999
5.200000000000002 3.96
5.4000000000000021 3.8399999999999999
5.6000000000000023 4.2000000000000002
5.8000000000000025 4.6799999999999997
6.0000000000000027 4.4400000000000004
6.2000000000000028 4.4400000000000004
6.400000000000003 5.2800000000000002
6.6000000000000032 5.1200000000000001
6.8000000000000034 4.3600000000000003
7.0000000000000036 5.04
7.2000000000000037 4.7999999999999998
7.4000000000000039 4.2000000000000002
7.6000000000000041 4.0800000000000001
7.8000000000000043 4.2000000000000002
8.0000000000000036 4.2000000000000002
8.2000000000000028 3.48
8.4000000000000021 3.48
8.6000000000000014 3.48
8.8000000000000007 3.2400000000000002
9 3.0
9.1999999999999993 2.6400000000000001
9.3999999999999986 2.8799999999999999
9.5999999999999979 2.48
9.7999999999999972 1.96
9.9999999999999964 2.3999999999999999
10.199999999999996 1.9199999999999999
10.399999999999995 1.5600000000000001
10.599999999999994 1.5600000000000001
10.799999999999994 1.4399999999999999
10.999999999999993 1.3200000000000001
11.199999999999992 0.83999999999999997
11.399999999999991 0.95999999999999996
11.599999999999991 0.71999999999999997
11.79999999999999 0.47999999999999998
11.999999999999989 0.35999999999999999
12.199999999999989 0.0
12.399999999999988 0.0
12.599999999999987 0.0
12.799999999999986 0.0
12.999999999999986 0.0
